-2.483977684577339806e-01 3.939209410742821049e-01 1.936520293114723235e-01
-2.184854854477642772e-01 2.895530095764912715e-01 2.156317747615101310e-01
-1.879612941206847410e-01 9.822677182773451032e-02 2.359477664278688547e-01
-2.261031927598948221e-01 -5.669722983298303154e-02 2.345539648935835442e-01
-2.059476616502989021e-01 -1.722933713830118452e-01 2.299400421608503997e-01
-7.799312971203850586e-02 2.907086366692179236e-01 2.236235901685360572e-01
-8.524177577920859228e-02 2.016333216446905829e-01 2.338754262903502690e-01
-1.053555356723551995e-01 -2.851457871580303019e-02 2.423250655322661540e-01
-9.815727415624879437e-02 -1.901562858968521563e-01 2.344893425037984369e-01
-2.245971477411471962e-01 -1.803292077510317559e-01 2.277541788900646624e-01
1.586543014252956851e-01 2.936899081775934950e-01 2.194876559944490269e-01
1.575183464653548970e-01 1.898546999997612061e-01 2.317152726780918048e-01
1.779743448120218730e-01 1.153519631815988489e-02 2.388001529736853701e-01
1.633568759102568546e-01 -8.258925417366176636e-02 2.381680331734417067e-01
1.542315249476779448e-01 -1.924540533291898281e-01 2.316711928374386720e-01
3.012908251099464807e-01 4.345430387802825534e-01 1.769810467591910463e-01
3.106826381912071722e-01 3.511279310962236444e-01 1.949073350391170301e-01
3.389920203103012897e-01 2.000988110822254640e-01 2.133147536212212370e-01
3.391324744259733293e-01 6.745466315272669044e-02 2.222000175848102554e-01
3.575070472834290247e-01 -2.791632606851530626e-02 2.206435079642823649e-01
